0 0 0 25 0 45 0 0 30 0 0
0 0 45 0 0 0 0 0 0 0 0
0 0 0 0 0 0 0 0 0 0 25
0 15 0 0 35 0 0 0 0 0 0
0 0 10 0 0 0 0 0 0 0 35
0 0 0 10 20 0 15 0 0 0 0
0 0 0 0 0 0 0 20 0 0 25
0 0 0 0 0 0 0 0 0 0 15
0 0 0 0 0 0 35 0 0 45 0
0 0 0 0 0 0 0 25 0 0 0
0 0 0 0 0 0 0 0 0 0 0

0 0 0 25 0 45 0 0 30 0 0
0 0 0 -15 0 0 0 0 0 0 0
0 0 0 0 0 0 0 0 0 0 0
-25 15 0 0 10 -10 0 0 0 0 0
0 0 0 -10 0 -20 0 0 0 0 0
-45 0 0 10 20 0 15 0 0 0 0
0 0 0 0 0 -15 0 0 -30 0 0
0 0 0 0 0 0 0 0 0 0 0
-30 0 0 0 0 0 30 0 0 0 0
0 0 0 0 0 0 0 0 0 0 0
0 0 0 0 0 0 0 0 0 0 0